function smeo
  A=[12.0000 -2.846 -2.0412 0; 
   -2.846 4.4 -2.0656 -0.9129; 
   -2.0412 -2.0656 8.3333 -1.6499; 
   0 -0.9129 -1.6499 3.0000];
  
  
end