# Created by Octave 4.2.1, Thu Mar 15 12:32:32 2018 CET <petra@petra>
# name: A
# type: matrix
# rows: 7
# columns: 7
 1 0 0 0 -0.5 0.5 0
 0 1 0 0 0 -2 2
 0 0 1 0 -0.02857142857142857 0 0
 0 0 0 1 0 -1.428571428571429 0
 0 0 0 0 1 -0.9459459459459459 0
 0 0 0 0 0 1 -1.5
 0 0 0 0 1 -1.964285714285714 1


# name: b
# type: matrix
# rows: 7
# columns: 1
 0
 0
 -0.5714285714285714
 -28.57142857142857
 20
 -10
 -14.28571428571429


